x1=3
x2<-3
x1

y
